0 0.19591346153846156 0.7283653846153846 0.2091346153846154 0.21153846153846154
0 0.7668269230769231 0.13461538461538458 0.10096153846153846 0.10096153846153846
0 0.9002403846153846 0.49158653846153844 0.08413461538461539 0.08413461538461539
0 0.8161057692307692 0.6802884615384616 0.07932692307692307 0.08173076923076923
0 0.15504807692307687 0.3689903846153846 0.06009615384615385 0.06009615384615385
0 0.8112980769230769 0.3846153846153846 0.04567307692307692 0.04807692307692308
0 0.8653846153846154 0.9350961538461539 0.04326923076923077 0.04326923076923077
0 0.7139423076923077 0.375 0.04326923076923077 0.04326923076923077
0 0.06971153846153844 0.19711538461538458 0.04326923076923077 0.04326923076923077
0 0.9362980769230769 0.17908653846153844 0.040865384615384616 0.040865384615384616
0 0.46754807692307687 0.3701923076923077 0.036057692307692304 0.03365384615384615
0 0.17067307692307687 0.39903846153846156 0.03365384615384615 0.03365384615384615
