0 0.8040865384615384 0.27163461538461536 0.2091346153846154 0.21153846153846154
0 0.23317307692307693 0.8653846153846154 0.10096153846153846 0.10096153846153846
0 0.09975961538461539 0.5084134615384616 0.08413461538461539 0.08413461538461539
0 0.18389423076923078 0.31971153846153844 0.07932692307692307 0.08173076923076923
0 0.8449519230769231 0.6310096153846154 0.06009615384615385 0.06009615384615385
0 0.18870192307692307 0.6153846153846154 0.04567307692307692 0.04807692307692308
0 0.1346153846153846 0.06490384615384616 0.04326923076923077 0.04326923076923077
0 0.2860576923076923 0.625 0.04326923076923077 0.04326923076923077
0 0.9302884615384616 0.8028846153846154 0.04326923076923077 0.04326923076923077
0 0.06370192307692307 0.8209134615384616 0.040865384615384616 0.040865384615384616
0 0.5324519230769231 0.6298076923076923 0.036057692307692304 0.03365384615384615
0 0.8293269230769231 0.6009615384615384 0.03365384615384615 0.03365384615384615
