0 0.19591346153846156 0.27163461538461536 0.2091346153846154 0.21153846153846154
0 0.7668269230769231 0.8653846153846154 0.10096153846153846 0.10096153846153846
0 0.9002403846153846 0.5084134615384616 0.08413461538461539 0.08413461538461539
0 0.8161057692307692 0.31971153846153844 0.07932692307692307 0.08173076923076923
0 0.15504807692307687 0.6310096153846154 0.06009615384615385 0.06009615384615385
0 0.8112980769230769 0.6153846153846154 0.04567307692307692 0.04807692307692308
0 0.8653846153846154 0.06490384615384616 0.04326923076923077 0.04326923076923077
0 0.7139423076923077 0.625 0.04326923076923077 0.04326923076923077
0 0.06971153846153844 0.8028846153846154 0.04326923076923077 0.04326923076923077
0 0.9362980769230769 0.8209134615384616 0.040865384615384616 0.040865384615384616
0 0.46754807692307687 0.6298076923076923 0.036057692307692304 0.03365384615384615
0 0.17067307692307687 0.6009615384615384 0.03365384615384615 0.03365384615384615
