0 0.3473557692307693 0.7331730769230769 0.31971153846153844 0.32211538461538464
0 0.125 0.16826923076923078 0.15865384615384615 0.15865384615384615
0 0.6682692307692308 0.6634615384615384 0.10576923076923077 0.10576923076923077
0 0.35216346153846156 0.30649038461538464 0.10336538461538461 0.10336538461538461
0 0.08052884615384615 0.4182692307692308 0.0889423076923077 0.08653846153846154
0 0.0625 0.22716346153846154 0.07211538461538461 0.07451923076923077
0 0.8617788461538461 0.359375 0.06971153846153846 0.06971153846153846
0 0.09975961538461542 0.7391826923076923 0.06971153846153846 0.06971153846153846
0 0.4266826923076923 0.265625 0.055288461538461536 0.055288461538461536
0 0.8954326923076923 0.7271634615384616 0.03125 0.03125
