0 0.6526442307692307 0.26682692307692313 0.31971153846153844 0.32211538461538464
0 0.875 0.8317307692307692 0.15865384615384615 0.15865384615384615
0 0.3317307692307692 0.33653846153846156 0.10576923076923077 0.10576923076923077
0 0.6478365384615384 0.6935096153846154 0.10336538461538461 0.10336538461538461
0 0.9194711538461539 0.5817307692307692 0.0889423076923077 0.08653846153846154
0 0.9375 0.7728365384615384 0.07211538461538461 0.07451923076923077
0 0.13822115384615385 0.640625 0.06971153846153846 0.06971153846153846
0 0.9002403846153846 0.2608173076923077 0.06971153846153846 0.06971153846153846
0 0.5733173076923077 0.734375 0.055288461538461536 0.055288461538461536
0 0.1045673076923077 0.27283653846153844 0.03125 0.03125
