0 0.5528846153846154 0.37740384615384615 0.5 0.5
0 0.5420673076923077 0.7644230769230769 0.20432692307692307 0.20192307692307693
0 0.27524038461538464 0.18629807692307693 0.17548076923076922 0.17548076923076922
0 0.27283653846153844 0.7475961538461539 0.11298076923076923 0.11057692307692307
0 0.27884615384615385 0.8149038461538461 0.11057692307692307 0.11057692307692307
0 0.6454326923076923 0.3329326923076923 0.06009615384615385 0.06009615384615385
0 0.3762019230769231 0.03245192307692308 0.04567307692307692 0.04567307692307692
0 0.9387019230769231 0.07091346153846154 0.040865384615384616 0.040865384615384616
0 0.30408653846153844 0.7007211538461539 0.036057692307692304 0.036057692307692304
0 0.3173076923076923 0.9435096153846154 0.03365384615384615 0.036057692307692304
