0 0.4471153846153846 0.37740384615384615 0.5 0.5
0 0.4579326923076923 0.7644230769230769 0.20432692307692307 0.20192307692307693
0 0.7247596153846154 0.18629807692307693 0.17548076923076922 0.17548076923076922
0 0.7271634615384616 0.7475961538461539 0.11298076923076923 0.11057692307692307
0 0.7211538461538461 0.8149038461538461 0.11057692307692307 0.11057692307692307
0 0.3545673076923077 0.3329326923076923 0.06009615384615385 0.06009615384615385
0 0.6237980769230769 0.03245192307692308 0.04567307692307692 0.04567307692307692
0 0.06129807692307687 0.07091346153846154 0.040865384615384616 0.040865384615384616
0 0.6959134615384616 0.7007211538461539 0.036057692307692304 0.036057692307692304
0 0.6826923076923077 0.9435096153846154 0.03365384615384615 0.036057692307692304
