0 0.5528846153846154 0.6225961538461539 0.5 0.5
0 0.5420673076923077 0.23557692307692313 0.20432692307692307 0.20192307692307693
0 0.27524038461538464 0.8137019230769231 0.17548076923076922 0.17548076923076922
0 0.27283653846153844 0.25240384615384615 0.11298076923076923 0.11057692307692307
0 0.27884615384615385 0.18509615384615385 0.11057692307692307 0.11057692307692307
0 0.6454326923076923 0.6670673076923077 0.06009615384615385 0.06009615384615385
0 0.3762019230769231 0.9675480769230769 0.04567307692307692 0.04567307692307692
0 0.9387019230769231 0.9290865384615384 0.040865384615384616 0.040865384615384616
0 0.30408653846153844 0.29927884615384615 0.036057692307692304 0.036057692307692304
0 0.3173076923076923 0.05649038461538458 0.03365384615384615 0.036057692307692304
